8172311063
136817688
241443517
271477750
404296277
433209247
564064799
570741087
601986299
621821712
625735337
627979731
651123579
683690446
687247404
690963915
739225712
771405440
779847281
793955720
794977706
856777058
946870946
955763544
974475770
990861635
997768202
1013199222
1029269738
1035624739
1054598937
1058171101
1062383256
1062670640
1073389285
1082508843
1094370821
1102657250
1109843476
1110442852
1113812804
1130175799
1138272514
1143826855
1156580124
1163485181
1171840844
1172029508
1194417833
1202757324
1213954348
1221503249
1224679626
1226392069
1250986095
1266698581
1269432109
1279257378
1283735004
1287093338
1288542873
1294591884
1295024749
1295065718
1299919520
1303233618
1306493945
1320861304
1333011434
1333700382
1336602647
1339963704
1358607106
1359902528
1360220218
1398069792
1412171197
1418836879
1419502771
1421107119
1426902847
1434776113
1454723157
1457027849
1460870680
1464511520
1469480906
1488333882
1509707281
1514532410
1549147628
1558773914
1568795042
1569544831
1583947326
1593907988
1595848824
1600773774
1603470651
1614416052
1631528144
1632311677
1655052934
1670286504
1710615342
1711453202
1717711160
1726886388
1727284566
1728648649
1752541652
1753704533
1768939997
1774790611
1775339819
1776698874
1779099389
1785618930
1787508705
1798308673
1812090126
1820501707
1824541902
1825386929
1831643226
1832724631
1834423007
1841951205
1849255354
1849651297
1866610370
1883272538
1884753314
1884941191
1886741690
1888299989
1905077003
1905588562
1908928578
1915359583
1924192898
1936335064
1940606992
1950275170
1955578200
1986534666
2001717998
2010750735
2011057930
2011561780
2027417515
2027841218
2028159779
2035767535
2044387962
2045907691
2049272012
2056604215
2060184907
2067242878
2067963831
2076822693
2107771675
2112721876
2113275910
2114759605
2115957939
2122949779
2145009982
5017512688
5026434864
5038591221
5042395415
5054679074
5057440007
5058953537
5096208358
5119257877
5119649402
5122086193
5129489790
5134625424
5144179139
5150261964
5154647492
5157905182
5176055713
5188601666
5194625880  
5197319362  
5208253789  
5222670133  
5224383957  
5234550105  
5239959425  
5240197997  
5258358664  
5261823117  
5272283046  
5272741164  
5273071040  
5273633090  
5274641292  
5275001566  
5292023910  
5304920755  
5304993096  
5307294251  
5310454456  
5314241580  
5315793726  
5317926858  
5318788685  
5319763682  
5328979754  
5329083486  
5332639571  
5337208064  
5340561848  
5350401649  
5353801144  
5355487751  
5357252379  
5359622310  
5361182369  
5361534169  
5363724412  
5369097506  
5371491153  
5389180286  
5389319591  
5389829325  
5395269062  
5401661958  
5403427276  
5409799243  
5431260247  
5434842306  
5437419593  
5439325632  
5444448980  
5451370958  
5451743788  
5454271487  
5457544938  
5459250994  
5468577637  
5479072832  
5479333145  
5486552262  
5490482803  
5494507750  
5498624636  
5501589106  
5504681518  
5509847676  
5512064830  
5523112140  
5530521512  
5534340384  
5539883014  
5546107531  
5548930850  
5555257616  
5557162854  
5567568114  
5569627755  
5584095981  
5594375087  
5604336085  
5606787531  
5613023186  
5616713810  
5621038099  
5626302873  
5627558972  
5627879458  
5629422938  
5629924934  
5634649396  
5640767416  
5641060214  
5642507173  
5660655392  
5671131280  
5672438576  
5677051469  
5683732145  
5684341436  
5693757751  
5696965696  
5697381994  
5701379526  
5708905757  
5710516554  
5713693186  
5715477015  
5725110019  
5726949971  
5729923431  
5734517331  
5738035050  
5755848982  
5763709112  
5768529861  
5769025838  
5770710379  
5772962070  
5779891280  
5783320121  
5785183592  
5786411100  
5790366784  
5794763885  
5798009812  
5802431767  
5804412878  
5805401242  
5807829769  
5809925490  
5810994990  
5811498423  
5826335612  
5827008979  
5837515736  
5837635194  
5840394345  
5846887829  
5847843944  
5848881117  
5850631706  
5851153609  
5855926324  
5856523643  
5864047280  
5864544819  
5864934120  
5871530816  
5872331481  
5873309619  
5875933521  
5879891647  
5883526674  
5883750699  
5894761745  
5902211210  
5907500714  
5908298396  
5908533779  
5915340053  
5915611520  
5918952773  
5920242379  
5920948710  
5921182722  
5921538822  
5921956515  
5923597269  
5925059192  
5925405947  
5929918799  
5934431002  
5937786559  
5937993069  
5938670667  
5940275602  
5949746827  
5958744930  
5968681546  
5970454663  
5977091419  
5977707838  
5981513598  
5984538196  
5987254780  
5989983506  
5990368560  
5990673674  
5990807044  
5993470748  
5995121001  
5998880345  
6000977676  
6005742666  
6006331104  
6020518135  
6021637043  
6024832866  
6025141602  
6026912464  
6031617737  
6032001810  
6032151991  
6036999291  
6038262749  
6039541296  
6046265549  
6047219868  
6052680777  
6054237174  
6055461991  
6057982732  
6072779967  
6082074424  
6084159669  
6086463679  
6086705848  
6088588466  
6089366629  
6093031209  
6095240046  
6098200820  
6099453603  
6101848362  
6102031177  
6113655066  
6114876683  
6125653485  
6125852415  
6134170749  
6135948216  
6141056388  
6143185198  
6147470011  
6150639158  
6156450641  
6158107414  
6158326820  
6161133016  
6162684073  
6163237813  
6180693234  
6183641753  
6185209156  
6186068438  
6188986096  
6189426328  
6190017925  
6192971829  
6196660604  
6197316495  
6199072589  
6199272581  
6199368753  
6202146781  
6203979846  
6206412269  
6208265760  
6208769715  
6210499147  
6213199148  
6214726915  
6214849624  
6217168075  
6221816069  
6229609633  
6234005934  
6234170389  
6234675366  
6235386833  
6236232067  
6238292707  
6246102321  
6253517332  
6255292030  
6257026688  
6262154757  
6266594308
6276961983
6288712167
6290147598
6290800083
6291312777
6295163128
6295493368
6295764040
6297180191
6300785635
6301076617
6301541243
6302301108
6302562815
6302770330
6305379632
6308174604
6313058660
6313519995
6316703580
6320311451
6321208684
6329418485
6330517870
6333228827
6335967682
6338852606
6341670803
6347039469
6347694728
6349351411
6351605528
6352530759
6356661777
6356746356
6357928583
6358023675
6358143346
6363622393
6364807349
6373108284
6373155690
6378387332
6383804500
6383955142
6387089566
6387427847
6388927765
6391367506
6393079884
6396296983
6398344315
6400936600
6405694419
6412224719
6417593407
6418520032
6427411390
6431652606
6433350051
6434665673
6435828226
6444490070
6447392571
6447565869
6449612167
6450084259
6451175500
6452331511
6454702478
6454832670
6457765964
6460044154
6461101805
6466001507
6469173813
6475244863
6475764634
6477480959
6480015557
6485416071
6486780956
6487002612
6489480286
6495472254
6495547372
6497216607
6497345811
6497447598
6499610407
6499623413
6501164557
6503535752
6509370326
6509615541
6510178549
6510415725
6510800099
6511131514
6511475672
6511591163
6517284821
6518286413
6518575508
6522126839
6525143363
6525783450
6527125072
6530658272
6531664704
6532469545
6532532454
6534586207
6537955985
6538728501
6544470205
6546061896
6549345900
6551142880
6551309268
6553501100
6556575118
6560653868
6565190825
6565249851
6566957196
6569105256
6577608203
6577824240
6579681744
6580305471
6581527188
6584161220
6587235810
6589635649
6590935006
6593504991
6593972204
6595727272
6595869366
6596495325
6597058198
6599257202
6602382183
6606440494
6611617588
6612308211
6612625342
6613946262
6614292588
6619105129
6621724003
6621966887
6623582034
6630439059
6636074685
6640585842
6641352868
6642451520
6643232953
6643490495
6646428554
6648313820
6650118028
6653493134
6653510586
6661930034
6662356393
6664244728
6665162683
6665537019
6668292379
6668431129
6669899531
6678707173
6679136043
6682883693
6683618735
6686115921
6686788827
6690860288
6691083987
6693179075
6698454750
6699222623
6700595606
6702476401
6703807732
6705410323
6705904228
6707540071
6715972420
6716004154
6716132052
6718478060
6720611271
6721235378
6725196779
6728877253
6729405045
6729765953
6739515698
6742289051
6742476898
6745975203
6746187796
6748527427
6749145945
6750569780
6750741514
6751017335
6751017882
6751486512
6751913796
6752731826
6752748123
6753189290
6753933613
6757513336
6762979181
6765337413
6767712333
6770168122
6772504968
6773941171
6776501869
6777830363
6781303109
6781822626
6784981217
6787390893
6792058499
6797180085
6806471123
6809949895
6812854319
6814079469
6824335060
6826168987
6826743419
6828482996
6832353538
6833200771
6833380083
6836092293
6836611762
6840238134
6845609763
6845680212
6853073997
6861613471
6861721801
6862796316
6863170276
6864825167
6867185011
6868459001
6875501978
6879600386
6879627112
6882632906
6882674372
6882842657
6884850757
6890712050
6893727445
6895165837
6897211772
6898134158
6899522400
6903476300
6904142634
6906841625
6908101862
6912728710
6913631568
6917466333
6918745460
6921718094
6928897583
6930850522
6941783108
6942423757
6948164470
6957808267
6957905263
6960258882
6963575766
6963883756
6973652759
6974210847
6976091552
6976604334
6977958472
6978073814
6981507465
6983985236
6988989432
6989637915
6995963560
6997106925
7001971141
7002034438
7002877210
7005555921
7007078604
7011531374
7012480853
7012598443
7017462412
7018659164
7024840053
7029081897
7029082758
7029193043
7030673296
7031817154
7036797058
7038064615
7040518260
7041232271
7044750544
7049558844
7052322395
7052605239
7053678533
7055151285
7063165437
7063277990
7066566690
7069339247
7074166831
7074950901
7075251083
7076066783
7080339223
7089726886
7091072384
7093026706
7102244851
7107889102
7107907434
7112622546
7113296475
7113706371
7117529040
7122254486
7124981641
7130186620
7131477885
7135293327
7135375277
7136013835
7138558532
7144084280
7145305873
7146350654
7148301123
7148779194
7152640600
7152920104
7153164486
7155732734
7156633633
7156894635
7166031647
7166590458
7168751626
7170174099
7170727636
7172201654
7172204774
7174000848
7175092993
7175927129
7177726862
7183707028
7185933667
7189016649
7191523474
7197532315
7197984762
7198541721
7200856120
7206769320
7208261649
7209451323
7210717311
7214122060
7221548505
7222376113
7224546011
7224560173
7224645621
7227619010
7232649286
7236107415
7240387408
7240825802
7241900842
7242543130
7244786652
7248350462
7248938622
7250178848
7251609162
7257759826
7266920406
7267517449
7272270991
7272621864
7276869045
7278520219
7278535439
7286218625
7291805837
7292432701
7293148679
7295549178
7297045469
7302919680
7305507438
7305814079
7327446680
7330242525
7335284748
7340548521
7346684624
7349812430
7349971496
7369433274
7370479207
7373332298
7374236633
7375663883
7376223915
7377405135
7390019565
7391928355
7391959516
7394700499
7397411869
7397960029
7408601160
7409566032
7410207551
7411018204
7413053375
7418936541
7419185348
7421828367
7425137958
7432731725
7436864795
7439679637
7440314148
7444727610
7448715066
7454657780
7454660201
7456681357
7459399372
7464397947
7464798239
7469649545
7478817223
7481164867
7483108074
7483574672
7485985767
7488364357
7501566530
7503020904
7503226603
7504147548
7513738705
7522189689
7524810544
7528597136
7531017006
7534027925
7534192968
7535559363
7538357110
7538360761
7542826019
7548949866
7549267932
7557075214
7576326072
7581775633
7583773678
7584008288
7601209373
7607740223
7608858862
7621938678
7633234419
7641610805
7651441521
7651891954
7663954188
7680728539
7693962110
7694249304
7721349894
7728695527
7728798970
7736035311
7736439757
7745057694
7753015908
7761052395
7769755704
7773685461
7773739551
7779036532
7781688819
7782275776
7784682551
7790356292
7791245071
7791328955
7801567205
7807216365
7812730971
7813987215
7823980232
7826811202
7829431270
7830003144
7832822853
7847553726
7855836852
7856315528
7863273195
7866060022
7872575732
7879526890
7881791587
7885492387
7889252867
7889691398
7892054220
7899268194
7904745094
7907050868
7912541451
7923729103
7926029335
7976604125
7995464360
8000733829
8010995105
8011515598
8015561648
8019014755
8028026349
8029615607
8032687608
8035119269
8039122881
8049288288
8054561766
8074569615
8079927948
8080047874
8085011228
8092994453
8094974143
8101349138
8105359678
8120402792
8122924785
8128958333
8134112915
8135904025
8141112302
8145077003
8146325721
8150626342
8159883330
8172311063
8175894787
8197765524
